Epoch,Train_Loss,Val_Loss,PSNR,SSIM
1,0.5832,0.3750,7.96,0.5155
2,0.2358,0.1451,14.90,0.6879
3,0.0830,0.0538,20.58,0.7786
4,0.0644,0.0515,20.73,0.7987
5,0.0563,0.0503,20.78,0.7953
6,0.0542,0.0432,21.14,0.8112
7,0.0493,0.0425,21.41,0.8234
8,0.0487,0.0390,21.47,0.8186
9,0.0467,0.0376,21.62,0.8306
10,0.0460,0.0398,21.72,0.8388
11,0.0447,0.0381,21.64,0.8314
12,0.0444,0.0488,21.15,0.8300
13,0.0436,0.0378,21.74,0.8406
14,0.0420,0.0372,21.75,0.8406
15,0.0404,0.0353,21.92,0.8431
16,0.0401,0.0368,21.88,0.8419
17,0.0409,0.0345,21.97,0.8512
18,0.0405,0.0346,22.06,0.8465
19,0.0405,0.0352,21.67,0.8463
20,0.0380,0.0337,21.96,0.8466
21,0.0383,0.0316,22.23,0.8558
22,0.0367,0.0318,22.38,0.8594
23,0.0368,0.0330,22.28,0.8571
24,0.0358,0.0325,22.27,0.8597
25,0.0359,0.0326,22.42,0.8614
26,0.0352,0.0320,22.08,0.8627
27,0.0352,0.0311,22.32,0.8619
28,0.0352,0.0303,22.43,0.8636
29,0.0344,0.0308,22.60,0.8686
30,0.0354,0.0295,22.51,0.8658
31,0.0337,0.0289,22.56,0.8689
32,0.0339,0.0301,22.60,0.8647
33,0.0340,0.0293,22.30,0.8664
34,0.0331,0.0306,22.64,0.8703
35,0.0329,0.0295,22.47,0.8679
36,0.0328,0.0363,22.14,0.8645
37,0.0326,0.0301,22.58,0.8667
38,0.0322,0.0315,22.22,0.8730
39,0.0329,0.0294,22.66,0.8712
40,0.0327,0.0309,22.10,0.8714
41,0.0322,0.0286,22.64,0.8749
42,0.0320,0.0282,22.81,0.8760
43,0.0313,0.0299,22.74,0.8777
44,0.0317,0.0291,22.66,0.8693
45,0.0319,0.0289,22.85,0.8787
46,0.0318,0.0282,22.94,0.8817
47,0.0311,0.0296,22.33,0.8745
48,0.0304,0.0277,22.79,0.8782
49,0.0308,0.0273,22.89,0.8828
50,0.0310,0.0291,22.90,0.8799
51,0.0311,0.0284,22.88,0.8789
52,0.0305,0.0274,22.75,0.8750
53,0.0307,0.0278,23.07,0.8796
54,0.0294,0.0272,23.22,0.8841
55,0.0301,0.0279,22.85,0.8763
56,0.0294,0.0264,23.12,0.8845
57,0.0297,0.0280,23.04,0.8823
58,0.0297,0.0290,22.82,0.8780
59,0.0305,0.0267,23.20,0.8738
60,0.0291,0.0258,23.17,0.8829
61,0.0283,0.0272,23.29,0.8815
62,0.0284,0.0265,23.14,0.8800
63,0.0289,0.0267,23.01,0.8813
64,0.0277,0.0258,23.00,0.8804
65,0.0293,0.0264,22.95,0.8804
66,0.0282,0.0247,23.37,0.8860
67,0.0277,0.0251,23.26,0.8850
68,0.0275,0.0249,23.41,0.8883
69,0.0279,0.0246,23.28,0.8825
70,0.0271,0.0254,23.26,0.8838
71,0.0277,0.0245,23.60,0.8895
72,0.0266,0.0241,23.41,0.8900
73,0.0269,0.0244,23.46,0.8871
74,0.0271,0.0252,23.44,0.8832
75,0.0262,0.0238,23.63,0.8905
76,0.0266,0.0242,23.33,0.8860
77,0.0264,0.0262,23.03,0.8804
78,0.0260,0.0266,22.97,0.8882
79,0.0260,0.0250,23.33,0.8910
80,0.0253,0.0241,23.59,0.8967
81,0.0253,0.0237,23.94,0.8950
82,0.0257,0.0244,23.39,0.8867
83,0.0247,0.0237,23.86,0.8934
84,0.0253,0.0224,23.98,0.8993
85,0.0250,0.0235,23.88,0.8968
86,0.0246,0.0219,24.45,0.8998
87,0.0237,0.0242,23.82,0.8967
88,0.0242,0.0213,24.22,0.9058
89,0.0238,0.0220,24.42,0.9032
90,0.0246,0.0228,23.72,0.9009
91,0.0240,0.0259,23.60,0.8937
92,0.0232,0.0223,24.02,0.9056
93,0.0232,0.0198,24.66,0.9112
94,0.0234,0.0209,24.38,0.9042
95,0.0232,0.0217,24.37,0.9064
96,0.0226,0.0217,24.59,0.9078
97,0.0232,0.0195,25.13,0.9143
98,0.0232,0.0220,24.26,0.9048
99,0.0234,0.0196,25.41,0.9177
100,0.0230,0.0230,23.92,0.8969
